0
0
0
0
0
0
0
0
0
0
0
0
0
0
0
0
0
0
0
0
0
0
0
0
0
0
0
0
0
0
0
0
0
0
0
0
0
0
0
0
0
0
0
0
0
0
0
0
0
0
0
0
0
0
0
0
0
0
0
0
0
1
0
1
0
1
3
2
1
3
3
3
3
4
2
3
6
9
11
6
11
7
7
14
14
5
15
14
16
16
25
24
32
35
35
35
58
73
91
99
99
123
134
136
133
151
111
110
95
87
87
72
85
71
68
71
54
69
51
69
66
85
106
135
140
198
182
189
195
266
261
192
195
174
147
135
137
129
122
141
109
110
122
102
91
90
92
95
83
87
103
95
102
97
99
101
120
112
115
119
122
126
192
162
185
193
258
241
205
227
176
166
153
158
126
163
131
162
145
162
144
166
158
148
141
146
140
124
137
145
185
186
167
199
207
210
186
171
202
169
165
144
140
181
154
159
135
166
161
145
158
150
145
145
160
169
163
170
169
185
184
191
179
207
186
198
184
172
172
215
191
201
194
185
214
204
199
193
222
228
245
271
258
299
289
364
371
448
542
688
904
1543
2407
4023
10667
27248
